 id   #gauss   #claim  score  mem  bat      density youngs_modulus poisson_ratio
--------------------------------------------------------------------------------
  5   80,511   80,512   0.91   10    9        734.8    2.585e+09       0.3484
  3   22,077   22,354   0.95   10    9         1628    2.384e+10        0.315
  2    9,107    9,108   0.95   15    9        861.8    2.774e+09       0.3342
  1    5,834    5,834   0.97   10    9        745.8    6.661e+09       0.3158
  0    4,389    4,389   0.98   10    9         1094    7.135e+09       0.3107
  4    3,583    3,600   0.94   13    9        720.8     5.49e+07       0.4164
  7    2,151    8,101   0.38    1    1        698.8    5.219e+07       0.4121
  6      381    3,600   0.89    6    6         1095    5.896e+09       0.3517
